,loss,sex_out_loss,age_out_loss,sex_out_accuracy,age_out_accuracy,val_loss,val_sex_out_loss,val_age_out_loss,val_sex_out_accuracy,val_age_out_accuracy
0,16.782974243164062,0.692225456237793,15.908341407775879,0.5470940470695496,0.04799864441156387,18.11855697631836,0.6840242147445679,17.2739315032959,0.6514586210250854,0.04426730051636696
1,13.591889381408691,0.606070339679718,12.79302978515625,0.6749773621559143,0.04726368188858032,15.249578475952148,0.5675126314163208,14.45503044128418,0.7354138493537903,0.03968792408704758
2,11.177465438842773,0.5334972143173218,10.394305229187012,0.7375056743621826,0.04573722183704376,12.451385498046875,0.5004388689994812,11.680304527282715,0.772048830986023,0.043080054223537445
3,10.430331230163574,0.4933192729949951,9.651354789733887,0.7596675753593445,0.04534147307276726,11.829497337341309,0.4897989332675934,11.03954029083252,0.7717096209526062,0.04426730051636696
4,9.743727684020996,0.46309512853622437,8.967562675476074,0.7741972208023071,0.046698328107595444,9.891944885253906,0.4429141581058502,9.124345779418945,0.7825644612312317,0.04426730051636696
5,9.216936111450195,0.4295333921909332,8.45140552520752,0.7927408218383789,0.04664178937673569,11.048872947692871,0.40674859285354614,10.296327590942383,0.8122456073760986,0.03578697517514229
6,8.909234046936035,0.3905547857284546,8.163047790527344,0.8139981627464294,0.04681139811873436,12.45804214477539,0.3672296106815338,11.724860191345215,0.8286974430084229,0.043080054223537445
7,8.705057144165039,0.36707159876823425,7.9632110595703125,0.8263229131698608,0.0467548631131649,11.626258850097656,0.3361600339412689,10.90587329864502,0.8443012237548828,0.04172320291399956
8,8.349090576171875,0.35344427824020386,7.6024556159973145,0.8333898782730103,0.04647218436002731,10.520275115966797,0.32622793316841125,9.792733192443848,0.8483718037605286,0.04375848174095154
9,8.24079704284668,0.3382463753223419,7.491662979125977,0.8423790335655212,0.04652871936559677,11.555408477783203,0.3286300003528595,10.806915283203125,0.8434531688690186,0.04392808675765991
10,7.949643611907959,0.325420081615448,7.196584701538086,0.8514246940612793,0.04681139811873436,8.069942474365234,0.2948995530605316,7.339493751525879,0.8577001094818115,0.044097691774368286
11,7.847454071044922,0.3148079514503479,7.0900678634643555,0.8558909893035889,0.046924468129873276,9.193321228027344,0.31174755096435547,8.431272506713867,0.859565794467926,0.04426730051636696
12,7.705524444580078,0.30569031834602356,6.942091464996338,0.8574174642562866,0.04760289564728737,9.552408218383789,0.2786449193954468,8.809161186218262,0.872455894947052,0.04426730051636696
13,7.5827836990356445,0.3019143342971802,6.808488368988037,0.8603572845458984,0.04811171442270279,8.08319091796875,0.27681630849838257,7.3252034187316895,0.8719471096992493,0.04426730051636696
14,7.446323871612549,0.2941172122955322,6.664795398712158,0.8676503896713257,0.04811171442270279,8.99286937713623,0.2749878168106079,8.223989486694336,0.867367684841156,0.04426730051636696
15,7.283469200134277,0.28559017181396484,6.496927738189697,0.8734170198440552,0.04811171442270279,9.175945281982422,0.2612488269805908,8.407058715820312,0.8844979405403137,0.04426730051636696
16,7.221311092376709,0.28085172176361084,6.4250288009643555,0.8755088448524475,0.04811171442270279,10.402212142944336,0.27417314052581787,9.606142044067383,0.8822931051254272,0.04426730051636696
17,7.035602569580078,0.27043816447257996,6.235060691833496,0.8798055052757263,0.04811171442270279,8.552071571350098,0.27468305826187134,7.739922523498535,0.8743215799331665,0.04426730051636696
18,7.104496479034424,0.26465100049972534,6.294278144836426,0.8821800351142883,0.04811171442270279,8.14517593383789,0.25828975439071655,7.333279609680176,0.888059675693512,0.04426730051636696
19,6.967464923858643,0.26238200068473816,6.144534587860107,0.8869855403900146,0.04811171442270279,7.75131368637085,0.2557704746723175,6.928551197052002,0.891791045665741,0.04426730051636696
20,6.9361982345581055,0.2654370665550232,6.096344470977783,0.8808231353759766,0.04811171442270279,8.84741497039795,0.2531101703643799,8.013565063476562,0.888059675693512,0.04426730051636696
21,6.899214744567871,0.25598904490470886,6.056127071380615,0.8900949954986572,0.04811171442270279,7.874189853668213,0.2494569718837738,7.0316162109375,0.892978310585022,0.04426730051636696
22,6.772634983062744,0.25283920764923096,5.919494152069092,0.8913387656211853,0.04811171442270279,8.265057563781738,0.25017479062080383,7.408553123474121,0.895691990852356,0.04426730051636696
23,6.789722919464111,0.2528415024280548,5.924736976623535,0.8898122906684875,0.04811171442270279,7.712897777557373,0.24963490664958954,6.845434665679932,0.8953527808189392,0.04426730051636696
24,6.729395866394043,0.24711757898330688,5.858750343322754,0.8919606804847717,0.04811171442270279,9.793414115905762,0.26322463154792786,8.900489807128906,0.880088210105896,0.04426730051636696
25,6.608086585998535,0.23812100291252136,5.733945846557617,0.8967096209526062,0.04811171442270279,9.455330848693848,0.28365203738212585,8.52892017364502,0.869911789894104,0.04426730051636696
26,6.503728866577148,0.24433107674121857,5.611212253570557,0.8959746956825256,0.04811171442270279,8.473750114440918,0.2500324845314026,7.570798873901367,0.8963704109191895,0.04426730051636696
27,6.585619926452637,0.24090339243412018,5.685495853424072,0.8964834809303284,0.04811171442270279,9.127485275268555,0.2567107677459717,8.207205772399902,0.886533260345459,0.04426730051636696
28,6.555899143218994,0.23817571997642517,5.649184703826904,0.8977838158607483,0.04811171442270279,8.147008895874023,0.2396632730960846,7.234461784362793,0.8936567306518555,0.04426730051636696
29,6.436744689941406,0.2340887039899826,5.524303436279297,0.8979533910751343,0.04811171442270279,9.350833892822266,0.2420205920934677,8.425457954406738,0.8911126255989075,0.04426730051636696
30,6.425902843475342,0.2363264113664627,5.499964237213135,0.8979533910751343,0.04811171442270279,8.043232917785645,0.26214346289634705,7.086822032928467,0.877713680267334,0.04426730051636696
31,6.353715896606445,0.22958357632160187,5.423920631408691,0.9018543362617493,0.04811171442270279,8.075410842895508,0.24495111405849457,7.125932693481445,0.896879255771637,0.04426730051636696
32,6.29130744934082,0.22938235104084015,5.351836681365967,0.9047942161560059,0.04811171442270279,8.025745391845703,0.2429623305797577,7.068434238433838,0.8948439359664917,0.04426730051636696
33,6.299016952514648,0.2327643185853958,5.346216201782227,0.8999887108802795,0.04811171442270279,8.75085163116455,0.2942153811454773,7.732025623321533,0.866010844707489,0.04426730051636696
34,6.396486759185791,0.22800613939762115,5.43885612487793,0.9056987762451172,0.04811171442270279,7.470836162567139,0.2508767545223236,6.4855852127075195,0.8883988857269287,0.04426730051636696
35,6.295658588409424,0.2251412719488144,5.3302998542785645,0.9043984413146973,0.04811171442270279,8.222087860107422,0.2373896837234497,7.2396135330200195,0.8977272510528564,0.04426730051636696
36,6.216241836547852,0.22523236274719238,5.241816520690918,0.9043984413146973,0.04811171442270279,8.336002349853516,0.255928099155426,7.326956748962402,0.8883988857269287,0.04426730051636696
37,6.176571369171143,0.21944673359394073,5.199976444244385,0.9078471064567566,0.04811171442270279,8.221248626708984,0.24441783130168915,7.215117454528809,0.8882293105125427,0.04426730051636696
38,6.1643476486206055,0.22077281773090363,5.176815986633301,0.9054161310195923,0.04811171442270279,9.303587913513184,0.24277885258197784,8.290119171142578,0.8928086757659912,0.04426730051636696
39,6.158461570739746,0.22367578744888306,5.159438133239746,0.9047942161560059,0.04811171442270279,10.921722412109375,0.2431185096502304,9.899909973144531,0.894504725933075,0.04426730051636696
40,6.160889625549316,0.21972262859344482,5.157834529876709,0.9076775312423706,0.04811171442270279,8.617785453796387,0.25132790207862854,7.580180644989014,0.881614625453949,0.04426730051636696
41,6.156336784362793,0.21150285005569458,5.153769016265869,0.9086951613426208,0.04811171442270279,8.059096336364746,0.23605948686599731,7.02825927734375,0.8934870958328247,0.04426730051636696
42,6.0855817794799805,0.2190343588590622,5.06826639175415,0.9095432162284851,0.04811171442270279,8.45383358001709,0.24162393808364868,7.410406589508057,0.896879255771637,0.04426730051636696
43,6.017592906951904,0.21248593926429749,4.999460697174072,0.9103912115097046,0.04811171442270279,8.28689193725586,0.24354930222034454,7.2332892417907715,0.892978310585022,0.04426730051636696
44,6.0135698318481445,0.21052612364292145,4.990778923034668,0.9102216362953186,0.04811171442270279,8.873136520385742,0.24295198917388916,7.815598487854004,0.8946743607521057,0.04426730051636696
45,6.035909175872803,0.21486660838127136,5.0034356117248535,0.9076209664344788,0.04811171442270279,7.979804992675781,0.23755700886249542,6.9215216636657715,0.8985753059387207,0.04426730051636696
46,6.030458927154541,0.2070646435022354,4.9991655349731445,0.9149705767631531,0.04811171442270279,8.024542808532715,0.2451164275407791,6.9518938064575195,0.8916214108467102,0.04426730051636696
47,5.9231181144714355,0.2069956362247467,4.88397741317749,0.9114654064178467,0.04811171442270279,8.074006080627441,0.24077458679676056,6.997287750244141,0.894504725933075,0.04426730051636696
48,5.949379920959473,0.20823870599269867,4.902795791625977,0.9137833714485168,0.04811171442270279,8.46219253540039,0.2389514297246933,7.381704807281494,0.8960312008857727,0.04426730051636696
49,5.9079437255859375,0.20159944891929626,4.861902236938477,0.9153097867965698,0.04811171442270279,8.296961784362793,0.2413501888513565,7.208945274353027,0.8941655158996582,0.04426730051636696
50,5.9232096672058105,0.20666788518428802,4.86789608001709,0.9119176864624023,0.04811171442270279,7.673916339874268,0.24966324865818024,6.573726654052734,0.8919606804847717,0.04426730051636696
51,5.908635139465332,0.20307230949401855,4.851925849914551,0.9141225814819336,0.04811171442270279,8.139159202575684,0.24222344160079956,7.040297508239746,0.8900949954986572,0.04426730051636696
52,5.915277004241943,0.20067952573299408,4.855203151702881,0.9125396013259888,0.04811171442270279,8.94140338897705,0.24594633281230927,7.832457065582275,0.8946743607521057,0.04426730051636696
53,5.903748512268066,0.19828055799007416,4.838922500610352,0.9177973866462708,0.04811171442270279,8.659234046936035,0.24547863006591797,7.544462203979492,0.8919606804847717,0.04426730051636696
54,5.885310173034668,0.19910269975662231,4.815035820007324,0.9164970517158508,0.04811171442270279,8.708280563354492,0.25244128704071045,7.583884239196777,0.8872116804122925,0.04426730051636696
55,5.810017108917236,0.1984356790781021,4.736572742462158,0.9163839817047119,0.04811171442270279,8.051881790161133,0.24617968499660492,6.928228855133057,0.8953527808189392,0.04426730051636696
56,5.818811416625977,0.19327093660831451,4.744676113128662,0.916270911693573,0.04811171442270279,8.15736198425293,0.25710758566856384,7.017335414886475,0.8868724703788757,0.04426730051636696
57,5.786801815032959,0.19511465728282928,4.705542087554932,0.9167797565460205,0.04811171442270279,7.92221736907959,0.23670242726802826,6.79752779006958,0.8980664610862732,0.04426730051636696
58,5.80644416809082,0.19419489800930023,4.720702171325684,0.9177973866462708,0.04811171442270279,7.686184406280518,0.24159182608127594,6.550769329071045,0.9006105661392212,0.04426730051636696
59,5.792807102203369,0.19599077105522156,4.700791358947754,0.9192107915878296,0.04811171442270279,9.189762115478516,0.23653572797775269,8.054574966430664,0.8973880410194397,0.04426730051636696
60,5.811014175415039,0.18881110846996307,4.720043659210205,0.9180800318717957,0.04811171442270279,8.66038703918457,0.2542968690395355,7.501946449279785,0.882632315158844,0.04426730051636696
61,5.845963478088379,0.19182316958904266,4.7484869956970215,0.9179669618606567,0.04811171442270279,8.290811538696289,0.24430608749389648,7.138742923736572,0.8922998905181885,0.04426730051636696
62,5.810802936553955,0.18763193488121033,4.713115692138672,0.9206241369247437,0.04811171442270279,8.378776550292969,0.2562820017337799,7.2104949951171875,0.886702835559845,0.04426730051636696
63,5.7426676750183105,0.1913255900144577,4.637043476104736,0.9174016118049622,0.04811171442270279,8.437857627868652,0.2635190784931183,7.2582783699035645,0.8895861506462097,0.04426730051636696
64,5.701714515686035,0.18477675318717957,4.598928451538086,0.9220940470695496,0.04811171442270279,9.091578483581543,0.24563243985176086,7.925568580627441,0.8967096209526062,0.04426730051636696
65,5.737728595733643,0.18647333979606628,4.628308296203613,0.9207937717437744,0.04811171442270279,8.459303855895996,0.24400244653224945,7.290779113769531,0.8948439359664917,0.04426730051636696
66,5.735174655914307,0.18546685576438904,4.6238627433776855,0.9229421019554138,0.04811171442270279,8.27759838104248,0.24968507885932922,7.1002116203308105,0.8958616256713867,0.04426730051636696
67,5.706999778747559,0.1846764236688614,4.593519687652588,0.9217548370361328,0.04811171442270279,9.17642879486084,0.2618291974067688,7.984431743621826,0.8912822008132935,0.04426730051636696
68,5.795502662658691,0.18243266642093658,4.679808139801025,0.9251469969749451,0.04811171442270279,8.048811912536621,0.25236430764198303,6.859896183013916,0.8933175206184387,0.04426730051636696
69,5.769084930419922,0.18698668479919434,4.64270544052124,0.9203979969024658,0.04811171442270279,8.059640884399414,0.2523026764392853,6.866360664367676,0.8972184658050537,0.04426730051636696
70,5.741366386413574,0.18571603298187256,4.612903118133545,0.9219809770584106,0.04811171442270279,7.762531757354736,0.25821858644485474,6.559505939483643,0.894335150718689,0.04426730051636696
71,5.784698486328125,0.18176496028900146,4.656438827514648,0.9237901568412781,0.04811171442270279,8.470962524414062,0.25519177317619324,7.2675886154174805,0.8900949954986572,0.04426730051636696
72,5.666548252105713,0.18034622073173523,4.536064147949219,0.9246947169303894,0.04811171442270279,8.306706428527832,0.24801252782344818,7.106934070587158,0.8967096209526062,0.04426730051636696
73,5.727441787719727,0.1838953047990799,4.589608192443848,0.9211329817771912,0.04811171442270279,8.143518447875977,0.26207616925239563,6.926097869873047,0.8856852054595947,0.04426730051636696
74,5.697451114654541,0.1817479431629181,4.5595479011535645,0.9240162968635559,0.04811171442270279,7.876362323760986,0.263041615486145,6.656734466552734,0.8829715251922607,0.04426730051636696
75,5.716157913208008,0.18041115999221802,4.576992988586426,0.9249208569526672,0.04811171442270279,8.747652053833008,0.24966830015182495,7.537663459777832,0.894504725933075,0.04426730051636696
76,5.682755470275879,0.17738080024719238,4.543067455291748,0.9243555068969727,0.04811171442270279,8.00685977935791,0.25581228733062744,6.787015914916992,0.8958616256713867,0.04426730051636696
77,5.686392784118652,0.18055443465709686,4.54045295715332,0.9211894869804382,0.04811171442270279,8.972403526306152,0.2514972388744354,7.7537970542907715,0.889246940612793,0.04426730051636696
78,5.7438507080078125,0.1754337102174759,4.599855422973633,0.9262211918830872,0.04811171442270279,8.197205543518066,0.2748944163322449,6.951595306396484,0.8850067853927612,0.04426730051636696
79,5.671925067901611,0.17566807568073273,4.523736476898193,0.9265604019165039,0.04811171442270279,7.823043346405029,0.26223230361938477,6.58680534362793,0.8975576758384705,0.04426730051636696
80,5.610991477966309,0.1766224056482315,4.458637714385986,0.9255427122116089,0.04811171442270279,7.987942218780518,0.2559646666049957,6.753671646118164,0.890434205532074,0.04426730051636696
81,5.693092346191406,0.1761941760778427,4.537001609802246,0.9255427122116089,0.04811171442270279,8.702605247497559,0.2649088501930237,7.456437110900879,0.8836499452590942,0.04426730051636696
82,5.688488960266113,0.17599964141845703,4.530056476593018,0.92542964220047,0.04811171442270279,8.464160919189453,0.2702747583389282,7.211398601531982,0.8805969953536987,0.04426730051636696
83,5.608977794647217,0.17802110314369202,4.447315692901611,0.9267865419387817,0.04811171442270279,9.033295631408691,0.24385182559490204,7.803723335266113,0.8972184658050537,0.04426730051636696
84,5.682835578918457,0.1758832037448883,4.520195484161377,0.9263342618942261,0.04811171442270279,8.521699905395508,0.2453250139951706,7.2887187004089355,0.8960312008857727,0.04426730051636696
85,5.668565273284912,0.17894013226032257,4.499851226806641,0.9247512221336365,0.04811171442270279,7.95363712310791,0.26249611377716064,6.700238227844238,0.8900949954986572,0.04426730051636696
86,5.681727409362793,0.1801372617483139,4.510108947753906,0.9228290319442749,0.04811171442270279,7.718957424163818,0.265365332365036,6.460931301116943,0.8899253606796265,0.04426730051636696
87,5.631999969482422,0.17439429461956024,4.463833332061768,0.9276911020278931,0.04811171442270279,8.61905288696289,0.24997031688690186,7.374124050140381,0.8962008357048035,0.04426730051636696
88,5.631988048553467,0.17822995781898499,4.457436561584473,0.9223767518997192,0.04811171442270279,8.843232154846191,0.25336864590644836,7.591331958770752,0.8973880410194397,0.04426730051636696
89,5.6338887214660645,0.17592279613018036,4.459019184112549,0.9263907670974731,0.04811171442270279,8.332500457763672,0.25781747698783875,7.074834823608398,0.8953527808189392,0.04426730051636696
90,5.619994640350342,0.17591071128845215,4.443058967590332,0.9261646270751953,0.04811171442270279,7.90091609954834,0.25849050283432007,6.640952110290527,0.8934870958328247,0.04426730051636696
91,5.600481033325195,0.16797541081905365,4.429697513580322,0.9287087321281433,0.04811171442270279,8.300575256347656,0.2525472342967987,7.044093608856201,0.897048830986023,0.04426730051636696
92,5.621228218078613,0.1707400679588318,4.445679664611816,0.9285956621170044,0.04811171442270279,8.363814353942871,0.261053204536438,7.0970282554626465,0.8977272510528564,0.04426730051636696
93,5.587740421295166,0.17041313648223877,4.410768985748291,0.9289913773536682,0.04811171442270279,9.157552719116211,0.26020386815071106,7.889296531677246,0.8973880410194397,0.04426730051636696
94,5.593095302581787,0.16990862786769867,4.414380073547363,0.9284260272979736,0.04811171442270279,8.31220817565918,0.25067222118377686,7.052238941192627,0.8992537260055542,0.04426730051636696
95,5.640196800231934,0.168368399143219,4.461170196533203,0.9309136271476746,0.04811171442270279,7.881066799163818,0.2591905891895294,6.610085964202881,0.8921302556991577,0.04426730051636696
96,5.577833652496338,0.16865819692611694,4.396441459655762,0.9287087321281433,0.04811171442270279,8.91431999206543,0.2526739239692688,7.6481614112854,0.8941655158996582,0.04426730051636696
97,5.6180338859558105,0.17212851345539093,4.431243419647217,0.9282564520835876,0.04811171442270279,8.719951629638672,0.25145062804222107,7.453067302703857,0.8973880410194397,0.04426730051636696
98,5.535148620605469,0.16940656304359436,4.348856449127197,0.9292175769805908,0.04811171442270279,8.039275169372559,0.25202640891075134,6.769396781921387,0.8911126255989075,0.04426730051636696
99,5.6273512840271,0.16888923943042755,4.440525531768799,0.9295002222061157,0.04811171442270279,8.131268501281738,0.2588033974170685,6.853940963745117,0.8950135707855225,0.04426730051636696
100,5.595059871673584,0.16693919897079468,4.409660816192627,0.9290479421615601,0.04811171442270279,8.141722679138184,0.25073525309562683,6.872114658355713,0.900780200958252,0.04426730051636696
101,5.568641662597656,0.1728137582540512,4.376805305480957,0.9275214672088623,0.04811171442270279,7.769268989562988,0.26519274711608887,6.483286380767822,0.8950135707855225,0.04426730051636696
102,5.598069190979004,0.16827096045017242,4.408120632171631,0.9286521673202515,0.04811171442270279,8.295317649841309,0.25848588347435,7.014842987060547,0.8873812556266785,0.04426730051636696
103,5.645241737365723,0.17166903614997864,4.451096534729004,0.9274649620056152,0.04811171442270279,8.43631649017334,0.26213932037353516,7.151063919067383,0.8953527808189392,0.04426730051636696
104,5.468142032623291,0.1678779423236847,4.276045799255371,0.9295567870140076,0.04811171442270279,8.563492774963379,0.26019784808158875,7.278308391571045,0.8951831459999084,0.04426730051636696
105,5.556723117828369,0.17412693798542023,4.356298446655273,0.9285390973091125,0.04811171442270279,7.900204658508301,0.2559612989425659,6.616858959197998,0.8963704109191895,0.04426730051636696
106,5.564373016357422,0.1684107780456543,4.36813497543335,0.9300090670585632,0.04811171442270279,8.686668395996094,0.24887382984161377,7.409200191497803,0.8989145159721375,0.04426730051636696
107,5.579883575439453,0.16517667472362518,4.384964466094971,0.930517852306366,0.04811171442270279,7.74456262588501,0.2523348033428192,6.462118625640869,0.898236095905304,0.04426730051636696
108,5.5562663078308105,0.16310365498065948,4.36210298538208,0.9315920472145081,0.04811171442270279,8.273115158081055,0.2723937928676605,6.968308925628662,0.8894165754318237,0.04426730051636696
109,5.508679389953613,0.16803817451000214,4.306842803955078,0.9295002222061157,0.04811171442270279,8.595297813415527,0.2524222135543823,7.3075690269470215,0.8941655158996582,0.04426730051636696
